0.000000
10.000000
14.560220
18.220867
20.880613
23.237900
24.899799
25.845696
28.000000
29.189039
31.176915
31.811947
33.166248
34.813790
36.000000
38.000000
39.446166
39.749214
41.809090
43.772137
44.000000
45.475268
46.043458
46.173586
45.912961
46.861498
46.946778
47.455242
48.908077
50.079936
50.833060
52.345009
52.076866
51.961524
52.725705
51.730069
51.303021
53.103672
54.074023
54.147945
55.099909
55.172457
56.462377
57.306195
58.957612
59.295868
61.090097
62.960305
64.342832
66.000000
65.482822
67.022384
67.882251
68.146900
69.368581
69.368581
71.021124
73.130021
73.539105
73.239334
73.945926
74.752926
75.551307
77.485483
77.948701
78.460181
78.714675
79.473266
80.597767
79.674337
79.974996
81.657823
83.642095
83.833168
83.330667
84.593144
85.883642
87.704048
87.063195
89.151556
87.269697
89.688349
90.553851
91.323600
90.994505
92.152048
93.786993
92.930081
94.530418
95.141999
95.645178
95.268043
94.826157
94.847246
95.099947
96.104110
97.241966
94.466925
94.445752
95.310020
96.249675
97.139076
98.264948
98.731960
97.221397
97.795705
97.713868
98.569772
99.136270
96.932967
97.549987
99.337808
98.549480
99.859902
99.337808
100.578328
101.823376
101.646446
101.370607
102.742396
102.664502
103.556748
103.518114
104.288063
106.451867
108.166538
109.270307
108.977062
110.109037
111.265448
111.534748
113.964907
115.221526
116.910222
116.395876
117.320075
116.413058
117.762473
118.033893
119.849906
120.283000
119.582607
120.946269
122.032782
123.207143
124.498996
125.618470
126.885775
128.996124
129.661097
129.027129
126.791167
126.854247
126.791167
127.342059
126.980313
124.643492
124.787820
126.522725
126.031742
127.216351
128.202964
128.327706
127.734099
129.506757
129.537639
130.797553
130.583307
129.182042
129.414064
129.738198
129.876865
130.123019
129.321305
131.346869
133.701159
135.484316
138.173804
138.520757
138.607359
138.115893
140.071410
139.756932
139.413055
141.109886
141.237389
142.028166
142.337627
143.471251
144.124946
145.560984
145.643400
146.560568
149.626201
150.797878
150.691738
150.545674
152.852870
153.870075
152.983659
153.310143
153.974024
153.205744
153.375357
153.922058
153.427507
153.362316
152.852870
151.604749
153.062079
151.591556
152.957510
152.249795
151.828851
153.075145
151.907867
152.026314
152.800524
154.025972
154.647987
153.609896
152.931357
153.544782
154.311374
156.051274
155.499196
156.230599
157.009554
157.213231
155.807574
156.563086
157.264109
158.113883
159.987500
160.611332
161.108659
160.536600
161.703432
161.530183
160.611332
159.561900
160.586425
161.108659
160.909913
161.938260
163.401346
162.825059
162.172747
163.878003
163.597066
164.584325
164.085344
163.597066
164.207186
165.903586
167.582815
168.297356
170.141118
170.727854
171.592541
171.639156
170.798126
170.082333
170.868370
170.552045
171.592541
171.207476
171.802212
172.823609
172.777313
172.464489
172.220789
173.216627
175.008571
175.692914
177.279440
179.164729
178.740035
176.861528
177.166588
176.951971
177.865117
179.131237
178.896618
178.381613
178.381613
177.651344
178.134780
179.387848
180.654366
180.576853
180.632223
180.665437
181.648011
181.890077
183.989130
184.575188
186.601179
186.483243
186.343768
186.654762
187.563323
187.381963
186.729751
187.531331
187.925517
188.637218
187.861651
188.212646
186.729751
186.225670
186.214930
187.008021
187.008021
186.815417
186.665476
189.240588
190.399580
191.112532
191.405329
191.384430
191.676811
191.812408
192.301846
191.520234
193.628510
194.987179
195.397032
194.679223
196.010204
197.038067
198.242276
197.098960
198.080792
199.228512
200.429539
200.149944
200.309760
200.489401
199.809910
199.579558
200.927848
201.454710
199.969998
199.198394
199.729818
201.136769
201.305738
200.389620
200.768523
201.414994
201.861339
200.299775
198.343137
196.743488
197.757427
195.908142
195.703858
194.483932
194.617574
195.397032
195.069218
194.864055
193.483849
193.587190
193.277003
194.216374
191.864536
191.614196
193.028495
194.802464
195.171719
195.386796
196.906069
197.251109
198.222098
196.773982
195.642531
196.458647
197.027917
196.956848
198.121175
199.859951
199.509398
199.949994
199.168271
200.479425
200.149944
199.899975
199.829928
200.139951
199.389067
200.708744
200.449495
198.776256
200.069988
201.682919
203.224014
205.007317
205.961161
206.833266
206.135878
208.547357
208.624064
208.930610
209.752235
209.131538
209.332272
209.895212
209.561447
209.389589
208.451433
208.949755
209.809437
208.240246
208.796552
208.921038
210.038092
210.969192
210.703583
211.063971
211.120818
210.788994
210.646624
211.641206
211.575046
211.206061
210.532658
209.542358
210.285520
210.732057
211.120818
211.537231
210.076177
208.892317
208.815708
211.423745
211.556139
213.915871
214.951157
214.392164
213.925221
212.922521
213.700725
213.391659
214.373506
214.951157
214.932548
217.485632
218.275056
218.979451
219.353596
219.079894
220.553848
222.458985
221.711524
222.656686
223.436792
223.812421
223.866031
223.069496
224.080343
223.714103
226.283009
225.211012
225.042218
224.508352
225.681191
224.463806
224.383600
224.908870
224.276615
223.669399
223.758799
223.203943
221.909892
221.576172
220.898167
220.979637
221.711524
222.261108
223.901764
224.997778
224.258779
224.017856
224.258779
223.168098
224.187422
223.553126
223.579963
221.747604
222.342079
223.042597
222.449994
220.834780
221.458800
219.061635
220.263479
220.707952
220.535711
222.306095
223.579963
224.080343
224.739850
224.802135
223.901764
224.917763
226.671569
226.468541
226.371376
227.771816
229.303293
229.172424
228.796853
228.534461
228.394396
229.128785
231.991379
231.119017
231.853402
233.298093
233.897413
236.245635
237.562623
236.558661
237.191905
238.796985
239.424310
239.899979
239.507829
239.749870
240.607564
241.255052
241.933875
243.129595
242.989712
243.310501
243.991803
245.845480
245.951215
246.471094
248.008064
248.772989
250.575338
250.726943
251.005976
250.407668
251.833278
253.842471
251.928561
252.412361
254.440563
252.808228
253.306139
253.432437
254.833279
254.582010
255.585602
255.037252
254.974509
254.534870
255.068618
255.170531
256.382527
256.179624
257.860427
258.959456
260.990421
261.396251
260.791104
259.306768
260.760426
260.384331
260.668372
260.246037
260.883116
260.230667
260.238352
259.275915
259.299055
259.044398
259.853805
260.169176
258.031006
259.345330
257.813886
258.696734
258.124001
255.960935
255.585602
255.374235
255.648196
258.178233
256.413728
255.773337
257.114760
256.982490
256.382527
256.608651
255.005882
254.817582
254.974509
254.385534
255.115660
254.519154
254.833279
254.605577
254.204642
254.990196
255.538647
254.950976
255.867153
255.960935
257.130317
256.842364
258.433744
257.891450
257.518931
256.663203
257.021400
256.561883
256.085923
256.904652
257.021400
257.472329
257.145873
256.429327
257.829401
256.951357
258.294406
259.453271
261.312074
260.737416
261.128321
261.564524
259.407016
258.812674
258.511122
260.184550
258.387306
259.761429
257.720779
257.316925
255.147016
256.554088
256.039060
255.052936
255.507338
256.421528
256.491715
257.293607
256.351321
256.101542
255.914048
254.880364
254.346221
255.749878
255.052936
255.060777
255.945307
258.154992
259.869198
260.053841
258.665808
257.953484
258.990347
258.998069
258.990347
258.704465
257.596584
257.495631
257.813886
258.967179
259.545757
261.335034
261.220214
261.793812
261.938924
261.702121
263.856021
264.265018
265.156558
265.397815
265.111297
265.721659
267.349958
268.149212
267.394839
267.753618
267.290105
265.699078
265.744238
266.165362
266.810794
267.147899
267.932827
269.977777
271.668916
272.183761
272.301304
272.301304
272.638955
272.660962
272.124971
271.955879
273.371542
273.137328
274.145947
274.116763
274.393877
274.546899
275.296204
275.230812
275.528583
276.933205
275.586647
276.832079
278.962363
279.284801
279.692688
278.524685
278.129466
280.242752
281.062271
280.983985
280.805983
280.948394
282.000000
283.005300
283.273719
284.267480
283.457228
284.239336
284.330793
284.211189
283.203107
285.608123
284.344861
284.408157
285.916072
284.773594
284.541737
285.790133
286.600768
287.158493
286.991289
287.791591
286.754250
284.450347
285.397968
285.594118
283.978872
285.306852
286.265611
285.545093
286.851878
286.377373
287.269908
288.048607
287.993055
287.492609
286.851878
286.768199
288.076379
287.673426
288.298456
288.797507
289.406289
289.247299
290.977662
288.852904
290.853915
290.716357
290.358399
291.039516
289.710200
290.275731
290.399725
291.945200
291.965751
291.979451
291.581892
290.358399
290.344623
291.650476
292.581613
293.346212
294.095223
292.738791
293.782232
295.824272
296.209385
297.489496
297.892598
296.620970
296.600742
296.222889
297.570160
297.085846
296.330896
296.013513
297.153159
297.704552
297.287739
298.784203
299.045147
299.719869
299.686503
301.091348
301.217529
300.426364
299.339272
299.319228
301.217529
300.233243
300.326489
299.819946
302.039732
301.655433
303.427092
304.959014
305.358805
304.801575
305.044259
303.618181
302.449996
302.853100
304.624359
303.868393
303.044551
302.344175
303.216095
302.231699
302.410317
303.262263
303.545713
305.155698
303.888137
304.394481
305.411198
305.967319
305.921559
306.261326
305.044259
304.676878
303.901300
305.149144
305.659942
305.181913
307.017915
306.463701
306.783311
305.967319
304.584964
305.358805
304.098668
305.731909
306.587671
307.701154
305.149144
306.222142
305.712283
304.775327
305.162252
303.888137
304.466747
305.168806
306.065352
305.659942
305.816939
305.686114
305.385003
305.895407
306.196016
306.887602
307.304409
307.766145
308.253143
308.292069
308.330991
307.772643
308.564418
307.850613
307.213281
305.941171
306.000000
305.908483
307.369484
307.733651
306.639854
305.941171
305.960782
305.692656
303.861811
302.072839
301.695210
302.271401
301.111275
302.846496
301.602387
301.071420
302.397090
303.315018
302.820079
302.535948
304.203879
306.058818
307.564627
307.128638
307.486585
308.162295
309.948383
310.161248
311.094841
312.531598
311.826875
311.737069
310.064509
312.915324
312.864188
312.211467
311.865356
312.883365
312.044869
311.743484
311.570217
311.756315
312.454797
312.339559
312.851402
313.949040
314.826937
315.784737
316.575425
317.559443
318.301744
318.163480
318.113187
318.414824
319.117533
317.874189
317.647603
316.644912
316.638595
316.777524
314.623585
314.845994
313.579336
314.356486
313.490032
314.782465
315.131718
315.068247
315.524959
315.429865
314.521859
314.757049
314.826937
312.192248
312.224278
313.604847
314.191025
315.138065
315.436206
316.164514
316.309975
315.201523
315.512282
314.757049
314.280130
313.011182
312.416389
312.480399
314.089159
313.183652
312.569992
311.281223
313.349645
314.331036
313.273044
313.949040
313.375175
315.093637
315.423525
315.220558
315.068247
315.461567
314.000000
314.292857
314.407379
313.394320
312.006410
312.333155
312.083322
309.283042
309.522212
310.303078
309.677251
309.993548
308.629227
