0 0.0
1 1.0
2 2.0
3 3.0
4 4.0
5 5.0
6 6.0
7 7.0
8 6.0
9 5.0
10 6.0
11 5.0
12 6.0
13 5.0
14 4.0
15 5.0
16 6.0
17 5.0
18 4.0
19 3.0
20 4.0
21 5.0
22 4.0
23 5.0
24 4.0
25 5.0
26 6.0
27 7.0
28 8.0
29 9.0
30 10.0
31 9.0
32 8.0
33 7.0
34 6.0
35 7.0
36 8.0
37 9.0
38 8.0
39 9.0
40 8.0
41 9.0
42 8.0
43 7.0
44 8.0
45 9.0
46 8.0
47 7.0
48 6.0
49 5.0
50 4.0
51 3.0
52 4.0
53 3.0
54 2.0
55 3.0
56 4.0
57 3.0
58 4.0
59 3.0
60 2.0
61 1.0
62 2.0
63 3.0
64 2.0
65 1.0
66 0.0
67 -1.0
68 -2.0
69 -3.0
70 -2.0
71 -1.0
72 -2.0
73 -1.0
74 0.0
75 1.0
76 0.0
77 -1.0
78 0.0
79 1.0
80 0.0
81 -1.0
82 -2.0
83 -1.0
84 0.0
85 -1.0
86 -2.0
87 -1.0
88 -2.0
89 -1.0
90 0.0
91 -1.0
92 -2.0
93 -3.0
94 -2.0
95 -1.0
96 0.0
97 -1.0
98 -2.0
99 -1.0
100 -2.0
101 -3.0
102 -4.0
103 -5.0
104 -4.0
105 -3.0
106 -4.0
107 -5.0
108 -4.0
109 -3.0
110 -4.0
111 -3.0
112 -4.0
113 -5.0
114 -4.0
115 -5.0
116 -6.0
117 -5.0
118 -4.0
119 -5.0
120 -4.0
121 -3.0
122 -4.0
123 -3.0
124 -4.0
125 -3.0
126 -2.0
127 -1.0
128 0.0
129 -1.0
130 -2.0
131 -1.0
132 -2.0
133 -3.0
134 -2.0
135 -1.0
136 0.0
137 1.0
138 0.0
139 1.0
140 2.0
141 3.0
142 2.0
143 3.0
144 4.0
145 3.0
146 2.0
147 3.0
148 2.0
149 1.0
150 2.0
151 3.0
152 2.0
153 3.0
154 4.0
155 3.0
156 4.0
157 5.0
158 6.0
159 7.0
160 8.0
161 9.0
162 8.0
163 9.0
164 10.0
165 11.0
166 10.0
167 9.0
168 10.0
169 9.0
170 10.0
171 9.0
172 10.0
173 9.0
174 10.0
175 11.0
176 12.0
177 13.0
178 12.0
179 11.0
180 10.0
181 9.0
182 10.0
183 9.0
184 8.0
185 7.0
186 6.0
187 7.0
188 6.0
189 7.0
190 8.0
191 9.0
192 10.0
193 11.0
194 12.0
195 11.0
196 10.0
197 11.0
198 12.0
199 11.0
200 12.0
201 11.0
202 12.0
203 13.0
204 12.0
205 13.0
206 14.0
207 13.0
208 14.0
209 15.0
210 14.0
211 13.0
212 14.0
213 13.0
214 14.0
215 15.0
216 16.0
217 15.0
218 16.0
219 15.0
220 14.0
221 15.0
222 16.0
223 17.0
224 18.0
225 17.0
226 18.0
227 17.0
228 18.0
229 17.0
230 18.0
231 19.0
232 20.0
233 19.0
234 18.0
235 17.0
236 16.0
237 17.0
238 16.0
239 15.0
240 16.0
241 15.0
242 14.0
243 15.0
244 16.0
245 15.0
246 14.0
247 13.0
248 12.0
249 13.0
250 14.0
251 13.0
252 12.0
253 13.0
254 12.0
255 11.0
256 10.0
257 9.0
258 10.0
259 9.0
260 10.0
261 11.0
262 10.0
263 9.0
264 8.0
265 7.0
266 6.0
267 5.0
268 6.0
269 7.0
270 6.0
271 7.0
272 6.0
273 7.0
274 6.0
275 7.0
276 8.0
277 7.0
278 6.0
279 5.0
280 4.0
281 5.0
282 6.0
283 5.0
284 4.0
285 5.0
286 4.0
287 5.0
288 6.0
289 7.0
290 8.0
291 9.0
292 10.0
293 9.0
294 10.0
295 9.0
296 8.0
297 7.0
298 6.0
299 5.0
300 4.0
301 3.0
302 2.0
303 1.0
304 2.0
305 3.0
306 4.0
307 3.0
308 2.0
309 3.0
310 2.0
311 1.0
312 0.0
313 -1.0
314 -2.0
315 -1.0
316 -2.0
317 -3.0
318 -4.0
319 -5.0
320 -6.0
321 -5.0
322 -6.0
323 -5.0
324 -6.0
325 -5.0
326 -6.0
327 -5.0
328 -4.0
329 -5.0
330 -6.0
331 -7.0
332 -8.0
333 -9.0
334 -8.0
335 -7.0
336 -8.0
337 -7.0
338 -8.0
339 -7.0
340 -8.0
341 -9.0
342 -10.0
343 -11.0
344 -12.0
345 -13.0
346 -14.0
347 -15.0
348 -14.0
349 -13.0
350 -14.0
351 -13.0
352 -12.0
353 -11.0
354 -10.0
355 -11.0
356 -12.0
357 -13.0
358 -14.0
359 -13.0
360 -12.0
361 -11.0
362 -12.0
363 -11.0
364 -12.0
365 -11.0
366 -10.0
367 -11.0
368 -10.0
369 -11.0
370 -12.0
371 -11.0
372 -10.0
373 -9.0
374 -8.0
375 -9.0
376 -10.0
377 -9.0
378 -8.0
379 -7.0
380 -8.0
381 -7.0
382 -8.0
383 -9.0
384 -8.0
385 -9.0
386 -10.0
387 -9.0
388 -8.0
389 -7.0
390 -6.0
391 -5.0
392 -4.0
393 -5.0
394 -6.0
395 -5.0
396 -4.0
397 -3.0
398 -2.0
399 -3.0
400 -2.0
401 -3.0
402 -4.0
403 -3.0
404 -2.0
405 -3.0
406 -4.0
407 -5.0
408 -6.0
409 -7.0
410 -8.0
411 -9.0
412 -10.0
413 -9.0
414 -10.0
415 -9.0
416 -10.0
417 -9.0
418 -8.0
419 -7.0
420 -6.0
421 -7.0
422 -8.0
423 -7.0
424 -8.0
425 -7.0
426 -8.0
427 -9.0
428 -10.0
429 -11.0
430 -10.0
431 -11.0
432 -12.0
433 -11.0
434 -12.0
435 -11.0
436 -10.0
437 -11.0
438 -10.0
439 -11.0
440 -12.0
441 -13.0
442 -12.0
443 -13.0
444 -12.0
445 -11.0
446 -10.0
447 -9.0
448 -8.0
449 -9.0
450 -10.0
451 -11.0
452 -12.0
453 -13.0
454 -14.0
455 -13.0
456 -14.0
457 -13.0
458 -14.0
459 -15.0
460 -16.0
461 -15.0
462 -14.0
463 -13.0
464 -12.0
465 -13.0
466 -14.0
467 -15.0
468 -14.0
469 -15.0
470 -16.0
471 -15.0
472 -16.0
473 -15.0
474 -16.0
475 -15.0
476 -14.0
477 -13.0
478 -14.0
479 -15.0
480 -16.0
481 -15.0
482 -14.0
483 -13.0
484 -12.0
485 -11.0
486 -10.0
487 -9.0
488 -8.0
489 -9.0
490 -10.0
491 -11.0
492 -10.0
493 -9.0
494 -10.0
495 -9.0
496 -10.0
497 -9.0
498 -10.0
499 -9.0
500 -10.0
501 -9.0
502 -10.0
503 -9.0
504 -8.0
505 -7.0
506 -8.0
507 -9.0
508 -10.0
509 -11.0
510 -12.0
511 -11.0
512 -10.0
513 -9.0
514 -10.0
515 -9.0
516 -10.0
517 -11.0
518 -10.0
519 -9.0
520 -8.0
521 -9.0
522 -10.0
523 -9.0
524 -8.0
525 -7.0
526 -6.0
527 -7.0
528 -6.0
529 -5.0
530 -6.0
531 -7.0
532 -6.0
533 -7.0
534 -6.0
535 -5.0
536 -6.0
537 -7.0
538 -8.0
539 -9.0
540 -8.0
541 -9.0
542 -10.0
543 -11.0
544 -10.0
545 -9.0
546 -8.0
547 -9.0
548 -8.0
549 -9.0
550 -10.0
551 -11.0
552 -12.0
553 -11.0
554 -10.0
555 -9.0
556 -10.0
557 -9.0
558 -10.0
559 -9.0
560 -10.0
561 -11.0
562 -10.0
563 -9.0
564 -8.0
565 -9.0
566 -8.0
567 -9.0
568 -8.0
569 -9.0
570 -10.0
571 -11.0
572 -12.0
573 -11.0
574 -10.0
575 -9.0
576 -10.0
577 -11.0
578 -10.0
579 -9.0
580 -10.0
581 -9.0
582 -8.0
583 -9.0
584 -10.0
585 -11.0
586 -10.0
587 -11.0
588 -10.0
589 -11.0
590 -12.0
591 -11.0
592 -12.0
593 -11.0
594 -10.0
595 -11.0
596 -10.0
597 -9.0
598 -8.0
599 -7.0
600 -8.0
601 -9.0
602 -10.0
603 -9.0
604 -8.0
605 -9.0
606 -10.0
607 -11.0
608 -10.0
609 -9.0
610 -8.0
611 -9.0
612 -8.0
613 -9.0
614 -10.0
615 -11.0
616 -12.0
617 -13.0
618 -12.0
619 -13.0
620 -14.0
621 -13.0
622 -12.0
623 -11.0
624 -12.0
625 -13.0
626 -14.0
627 -13.0
628 -12.0
629 -11.0
630 -12.0
631 -13.0
632 -14.0
633 -13.0
634 -12.0
635 -11.0
636 -10.0
637 -11.0
638 -10.0
639 -11.0
640 -12.0
641 -13.0
642 -12.0
643 -11.0
644 -10.0
645 -11.0
646 -10.0
647 -11.0
648 -12.0
649 -13.0
650 -14.0
651 -15.0
652 -16.0
653 -17.0
654 -16.0
655 -15.0
656 -16.0
657 -17.0
658 -16.0
659 -15.0
660 -16.0
661 -15.0
662 -16.0
663 -15.0
664 -16.0
665 -15.0
666 -14.0
667 -15.0
668 -14.0
669 -13.0
670 -14.0
671 -13.0
672 -12.0
673 -13.0
674 -12.0
675 -13.0
676 -14.0
677 -15.0
678 -14.0
679 -15.0
680 -14.0
681 -13.0
682 -12.0
683 -11.0
684 -12.0
685 -11.0
686 -12.0
687 -13.0
688 -14.0
689 -15.0
690 -16.0
691 -17.0
692 -16.0
693 -17.0
694 -18.0
695 -17.0
696 -18.0
697 -19.0
698 -20.0
699 -19.0
700 -18.0
701 -19.0
702 -18.0
703 -19.0
704 -20.0
705 -21.0
706 -20.0
707 -19.0
708 -18.0
709 -19.0
710 -20.0
711 -19.0
712 -20.0
713 -19.0
714 -20.0
715 -21.0
716 -22.0
717 -23.0
718 -24.0
719 -23.0
720 -22.0
721 -21.0
722 -20.0
723 -21.0
724 -20.0
725 -19.0
726 -18.0
727 -17.0
728 -16.0
729 -17.0
730 -18.0
731 -19.0
732 -18.0
733 -19.0
734 -20.0
735 -21.0
736 -22.0
737 -23.0
738 -22.0
739 -23.0
740 -22.0
741 -23.0
742 -22.0
743 -21.0
744 -20.0
745 -19.0
746 -20.0
747 -19.0
748 -18.0
749 -19.0
750 -18.0
751 -17.0
752 -18.0
753 -17.0
754 -16.0
755 -15.0
756 -14.0
757 -13.0
758 -14.0
759 -15.0
760 -14.0
761 -15.0
762 -14.0
763 -13.0
764 -14.0
765 -15.0
766 -14.0
767 -13.0
768 -12.0
769 -11.0
770 -10.0
771 -9.0
772 -10.0
773 -9.0
774 -8.0
775 -7.0
776 -6.0
777 -5.0
778 -4.0
779 -5.0
780 -4.0
781 -5.0
782 -4.0
783 -3.0
784 -2.0
785 -1.0
786 0.0
787 1.0
788 2.0
789 3.0
790 4.0
791 5.0
792 4.0
793 5.0
794 4.0
795 3.0
796 2.0
797 3.0
798 4.0
799 5.0
800 4.0
801 3.0
802 4.0
803 3.0
804 4.0
805 5.0
806 4.0
807 3.0
808 4.0
809 5.0
810 6.0
811 7.0
812 8.0
813 9.0
814 8.0
815 9.0
816 8.0
817 7.0
818 8.0
819 9.0
820 8.0
821 9.0
822 8.0
823 9.0
824 8.0
825 7.0
826 6.0
827 7.0
828 6.0
829 7.0
830 6.0
831 5.0
832 6.0
833 7.0
834 8.0
835 9.0
836 10.0
837 9.0
838 8.0
839 9.0
840 8.0
841 7.0
842 8.0
843 7.0
844 6.0
845 5.0
846 4.0
847 3.0
848 4.0
849 3.0
850 2.0
851 3.0
852 4.0
853 3.0
854 2.0
855 1.0
856 0.0
857 1.0
858 0.0
859 -1.0
860 -2.0
861 -1.0
862 -2.0
863 -1.0
864 -2.0
865 -3.0
866 -2.0
867 -1.0
868 -2.0
869 -1.0
870 -2.0
871 -3.0
872 -4.0
873 -3.0
874 -4.0
875 -5.0
876 -4.0
877 -3.0
878 -2.0
879 -3.0
880 -4.0
881 -5.0
882 -4.0
883 -3.0
884 -4.0
885 -3.0
886 -2.0
887 -1.0
888 0.0
889 1.0
890 2.0
891 3.0
892 4.0
893 3.0
894 4.0
895 3.0
896 4.0
897 3.0
898 4.0
899 5.0
900 6.0
901 7.0
902 6.0
903 5.0
904 6.0
905 7.0
906 6.0
907 7.0
908 8.0
909 7.0
910 6.0
911 5.0
912 4.0
913 3.0
914 4.0
915 5.0
916 6.0
917 7.0
918 6.0
919 5.0
920 6.0
921 7.0
922 8.0
923 7.0
924 6.0
925 7.0
926 8.0
927 9.0
928 8.0
929 9.0
930 10.0
931 11.0
932 12.0
933 13.0
934 14.0
935 15.0
936 16.0
937 15.0
938 14.0
939 13.0
940 14.0
941 15.0
942 14.0
943 13.0
944 12.0
945 11.0
946 10.0
947 11.0
948 10.0
949 9.0
950 10.0
951 9.0
952 10.0
953 11.0
954 12.0
955 11.0
956 10.0
957 9.0
958 10.0
959 9.0
960 10.0
961 11.0
962 10.0
963 9.0
964 10.0
965 9.0
966 8.0
967 9.0
968 8.0
969 9.0
970 8.0
971 9.0
972 8.0
973 9.0
974 10.0
975 9.0
976 10.0
977 9.0
978 8.0
979 9.0
980 8.0
981 7.0
982 8.0
983 7.0
984 6.0
985 7.0
986 6.0
987 5.0
988 4.0
989 5.0
990 6.0
991 7.0
992 8.0
993 7.0
994 8.0
995 7.0
996 8.0
997 9.0
998 8.0
999 9.0
